Parameters :
 - window_size = 128
 - n = 1000
 - epochs = 500
 - temps = 35.491227999998955
0.206666666667
Parameters :
 - window_size = 128
 - n = 2000
 - epochs = 500
 - temps = 438.0409120000004
0.958333333333
